1.png

k = 3
h = 4
err = 0.057654

2.png

k = 7
h = 3
err = 0.033480

3.png

k = 7
h = 2
err = 0.080604

4.png

k = 5
h = 5
err = 0.042874